0.6596 0.1706 0.0710 0.0376 0.0238 0.0154 0.0103 0.0065 0.0034 0.0019
0.1706 0.3098 0.1626 0.0820 0.0498 0.0307 0.0209 0.0130 0.0071 0.0036
0.0710 0.1626 0.2569 0.1724 0.1007 0.0611 0.0369 0.0235 0.0116 0.0058
0.0376 0.0820 0.1724 0.2434 0.1813 0.1066 0.0608 0.0337 0.0179 0.0090
0.0238 0.0498 0.1007 0.1813 0.2584 0.1963 0.1080 0.0557 0.0260 0.0118
0.0154 0.0307 0.0611 0.1066 0.1963 0.2716 0.2088 0.1107 0.0442 0.0199
0.0103 0.0209 0.0369 0.0608 0.1080 0.2088 0.3094 0.2262 0.0852 0.0299
0.0065 0.0130 0.0235 0.0337 0.0557 0.1107 0.2262 0.3603 0.1772 0.0533
0.0034 0.0071 0.0116 0.0179 0.0260 0.0442 0.0852 0.1772 0.3511 0.1495
0.0019 0.0036 0.0058 0.0090 0.0118 0.0199 0.0299 0.0533 0.1495 0.4008
